0,1,13
1,0
3,4,16
4,3,5
5,4
7,8
8,7,9,21
9,8,10
10,9,11,23
11,10,12,24
12,11,25
13,0,26
16,3,29
21,8,34
23,10,24,36
24,11,23,25,37
25,12,24,38
26,13,27,39
27,26,40
29,16,30,42
30,29,31,43
31,30,44
33,34,46
34,21,33
36,23,37
37,24,36,38
38,25,37,51
39,26,40
40,27,39,41
41,40,42
42,29,41,44
43,30,42,44,56
44,31,43,56
46,33,59
51,38,64
56,43,69
59,46,72
61,62,74
62,61,75
64,51,77
65,66,78
66,65,67
67,66,69
68,67,69
69,56,68,70
70,69
72,59,85
74,61,75,87
75,62,74,76,88
76,75,77
77,64,76
78,65,91
85,72,98
87,74,88,100
88,75,87,101
91,78,92,104
92,91,93,105
93,92,94,106
94,93,95,107
95,94,96,108
96,95,97,109
97,96,98,110
98,85,97,111
100,87,101,113
101,88,100,114
103,116
104,91,105,117
105,92,104,106
106,93,105,107
107,94,106,108
108,95,107,109
109,96,108,110
110,97,109,111,123
111,98,110,124
113,100,114
114,101,113
116,103,129
117,104,130
123,110,124,136
124,111,123
129,116,142
130,117,143
132,133,145
133,132,134,146
134,133,147
136,123,149
139,140,152
140,139,141,153
141,140,142
142,129,141,155
143,130,156
145,132,146,158
146,133,145,147,159
147,134,146,160
149,136,150,162
150,149,163
152,139,153,165
153,140,152,166
155,142,168
156,143,169
158,145,159,171
159,146,158,160,172
160,147,159,173
162,149,163,175
163,150,162,176
165,152,166,178
166,153,165,179
168,155,181
169,156,170
170,169,171
171,158,170,172
172,159,171,173
173,160,172
175,162,176
176,163,175,177
177,176,178
178,165,177,179
179,166,178
181,168